name: "David's Camera (Camera)"

width: 640
height: 480
fx: 630.346767
fy: 624.904413
cx: 314.108329
cy: 241.591565
near_clip: 0.1
far_clip: 3.0

# distortions
k1: 0.096908
k2: -0.143400
k3: 0.0
k4: 0.0
k5: 0.0
k6: 0.0
p1: -0.002487
p2: 0.001367
