name: "Photoneo (Camera)"

width: 1032
height: 772
fx: 1109.596
fy: 1109.596
cx: 503.712
cy: 403.0737
near_clip: 0.1
far_clip: 3

# distortions
k1: 0.0
k2: 0.0
k3: 0.0
k4: 0.0
k5: 0.0
k6: 0.0
p1: 0.0
p2: 0.0
